14
133
113
302
270
324
323
578
745
641
933
953
416
486
489
553
569
907
993
1383
1658
982
1240
1521
1561
956
1135
1283
1231
532
725
753
1059
510
167
381
370
620
651
1022
187
444
958
1157
1569
2010
2088
2020
2168
1900
1356
1858
1155
808
900
1370
1326
1236
1300
673
301
94
619
667
681
799
220
57
296
349
413
490
236
457
617
749
503
1209
813
949
913
550
475
680
707
885
908
1455
1421
1436
1469
1503
1571
1723
2266
2315
1955
1091
1664
1169
1000
506
793
243
511
898
700
977
1093
2295
336
485
19
27
567
841
985
988
1661
906
1054
44
71
156
152
218
446
894
1230
1142
584
1739
752
399
184
211
390
122
468
470
477
89
715
794
605
971
227
546
692
817
38
541
215
465
327
129
272
67
162
100
126
649
867
424
811
820
1381
1398
357
1026
91
944
263
579
43
507
276
36
678
688
798
704
1111
670
698
1220
199
213
118
1038
255
995
203
421
107
219
26
499
143
806
735
1228
1320
1171
479
495
887
990
241
560
1183
1807
709
1334
1373
1335
1267
1385
1761
1347
1449
141
225
542
400
61
221
253
46
577
833
312
984
523
478
695
723
1097
1463
1717
1077
1151
1638
1377
1654
2030
1800
1204
635
741
851
245
369
526
758
1008
1345
1527
1710
2074
1914
901
1467
1781
973
783
1062
1084
1106
1312
1328
1763
1783
1895
2237
1556
1511
1494
1869
1605
2243
2286
2535
1925
1709
1159
1330
1504
1949
763
627
1208
1115
646
800
1293
576
1538
1697
1847
3067
2456
950
1121
1338
1410
1396
1859
1702
1828
2669
1649
2079
2293
1904
2436
2647
2736
2773
2558
3260
2524
1570
1513
1576
1866
1874
2332
1952
2603
2614
2664
3176
2343
1765
1920
2185
2172
2363
2342
1098
1594
1206
565
967
1085
2517
2921
2596
2980
3001
2181
2177
2080
2499
2554
2624
2236
2586
2581
2750
2942
2370
1977
2523
2831
1712
1282
1679
1706
2042
2044
2574
2216
2015
911
1526
2005
2153
1833
2341
1466
2352
2396
2256
2478
2864
2588
2609
2354
2857
2897
3224
2330
2714
2845
3021
2926
2972
3133
3159
3327
3194
2420
3151
1868
2001
3070
2214
2304
2503
3254
3315
3482
3905
2784
2642
2699
2732
2753
2803
3341
3941
3128
3521
3014
3118
3592
3277
3193
2778
3090
2739
3349
4221
3368
3414
4162
3264
3481
5148
5132
4603
4381
4036
4240
3628
4148
3098
3230
3129
3322
771
3424
3258
3523
4032
4115
4394
2469
2693
2708
2970
3337
3609
3296
3667
1770
1404
1127
1592
1310
1825
2210
1456
3047
2149
2826
1978
3179
3307
3619
3617
3670
3701
3463
3730
3854
4043
4094
3885
3940
4018
4137
4155
4054
3222
3491
3479
2536
3561
3594
4579
3709
3759
3863
3232
3778
3947
3876
4909
4182
3803
4109
4122
3239
4358
4379
4478
4531
4779
4499
4591
4657
4842
4108
3632
4624
4409
4562
4604
5001
4663
4860
3542
3498
3360
3286
3518
3764
3748
4021
4002
4253
4295
4307
5098
2925
2954
2995
3171
3300
3154
3332
2552
2751
2873
2505
1477
1100
1037
393
516
398
404
832
855
647
420
1382
786
1261
1454
1378
1932
862
1651
1942
2063
2190
2119
2121
2489
2643
2284
2208
914
3271
2759
3291
3356
3382
2763
2162
2347
1700
759
1309
1964
2082
1212
2317
2357
2461
2257
1916
2407
2471
2656
2677
2960
2509
2815
1918
2292
2487
2419
3473
3504
3272
3082
3642
1927
1435
2593
3672
3779
2281
3982
3183
3605
4199
2501
1095
1840
1549
2279
2365
2474
2518
2312
2635
1813
1675
367
386
856
533
981
1042
1058
1134
1568
1374
1578
1752
1279
1694
2735
2226
1999
2173
1787
1844
1941
2137
1601
2109
2101
2159
2187
2450
2421
2264
2033
1930
2078
1128
1177
1650
1705
1919
2253
1529
1273
2057
2527
2144
2379
2934
2701
2932
2989
2966
2247
3043
2095
2438
2234
2388
2417
2451
1924
1957
2665
2722
2258
2725
3326
2728
2899
2485
2745
2395
2416
2715
2556
2592
2761
2854
2903
3626
3776
3126
3646
3763
3434
3720
2867
2376
3173
1908
3177
3147
3466
3516
3925
4061
3497
3464
3532
3568
2824
3088
3106
2959
2633
2749
2904
3097
3175
2267
2490
2741
2840
2863
3035
3551
2504
2769
2393
2879
3064
3256
3545
3678
3320
3886
4214
3547
2828
4084
3680
3044
3048
3137
3440
3294
3649
3826
3859
4015
4475
4549
4574
4532
4605
4843
4329
3211
2940
2689
2169
2822
3284
3340
3217
3373
3958
4105
4271
2936
2627
2706
2814
2865
3355
3383
3170
3385
3216
3643
3715
4450
4563
4567
4636
5002
3656
3781
5276
4678
3988
4095
4231
4255
4181
5215
3660
3933
4039
4280
4340
4403
4622
4457
4608
4496
4628
4660
4833
3191
3235
4066
4278
4973
4178
3584
4418
5329
4234
5441
5397
4551
4991
5198
4526
4570
3999
3851
4154
4186
5058
5467
5450
5584
5927
6038
6202
4070
4492
4031
3471
4283
4868
5214
5425
5316
5125
5880
5509
6021
6045
5640
6092
4668
4872
5034
4827
4933
5128
5357
5589
5748
6705
7265
5909
4696
4697
4708
4995
5021
5203
5240
4804
4901
5583
5646
5600
6090
6150
6159
7836
5364
5829
5974
6420
7315
5726
5882
5937
6123
6212
6112
6224
6784
7047
6534
6655
6688
6400
6009
5525
6051
5687
4247
6354
6391
6958
6702
6841
7456
7607
6897
6512
6686
6782
6797
6691
6289
5378
5743
6338
7457
5692
5165
5717
5862
5742
4977
3458
4988
5153
3686
4320
4266
4479
4585
4720
4536
4645
4722
4940
4459
4670
4989
4873
4962
5239
5365
4228
4370
4398
3878
4091
4170
4229
3020
3319
3308
3786
3892
3821
4006
4230
4925
4158
4736
5256
5166
5175
5402
5406
5683
5261
5698
6309
3966
3973
4184
3543
3870
3914
4267
4311
4486
4686
4444
3180
3554
3574
3792
3936
4005
4235
4003
3726
3376
3739
4104
4279
4577
4274
4447
3962
4555
4638
4572
4387
5340
5157
4854
4985
4717
4462
4538
4700
4144
4806
4861
4913
4914
5476
5442
5111
5066
5141
5161
5167
4564
4164
4422
4753
4871
4855
4980
5059
5075
4239
4141
3556
4588
4593
4970
5042
5026
5067
5008
5016
5174
5184
5284
5356
5594
6052
5623
5455
5247
5227
5354
4908
4800
3963
5069
5112
5578
4832
4707
4687
5468
4293
4967
4438
4316
4157
5520
4884
5030
4442
3985
3827
3844
4210
4454
4467
3799
3976
4067
4215
4978
4594
5304
5831
5941
5943
5888
6562
6733
7450
7463
6572
6462
5859
5116
5429
5347
5544
5534
5696
5821
5209
5390
5235
6088
6301
5526
6325
6347
6341
5601
6143
6551
6731
6775
6805
6423
5850
6479
5775
6046
6017
6067
6074
4332
4190
3335
4386
4489
5290
4601
5451
5770
5099
5931
6026
6179
5750
4904
4522
4547
4943
5212
5333
5339
5985
6241
6326
6633
7230
7341
7845
6209
7852
6262
5305
5362
5528
5551
5768
6276
6758
6646
6695
7070
7477
6302
7835
6813
6609
6834
7338
6656
7535
7937
7883
6451
6630
7633
5686
6898
4740
4998
5769
5801
5867
6464
6463
6798
6821
7022
4746
7273
7222
6047
6648
7015
7306
7032
6489
6764
6742
6681
6595
5496
5675
6370
6434
5788
5715
5499
5550
5650
5434
5459
5690
5956
6425
6548
6559
6605
6125
5291
5337
5372
5480
5739
5773
5962
6422
6554
5469
5644
3156
5182
5418
4969
4785
4507
5250
5433
5547
5318
6058
5612
5702
5586
5710
6520
7084
6135
5759
6065
6028
5815
5795
5806
5745
5530
5951
5798
5916
5977
5966
6243
6145
6266
6882
6808
6870
7072
7093
6684
6716
6389
6321
6997
6106
6616
7331
7112
7548
6664
7095
7781
7696
7036
7552
7473
6771
7565
7975
7898
7884
7393
7776
7840
6966
7290
7564
7656
7693
6979
6390
6526
6736
6894
7179
6786
7012
7449
7850
7109
7790
5596
4879
4701
4794
4984
5767
5465
5580
5866
6091
6286
6401
4581
4556
5124
4858
5121
5608
5674
6188
6080
5315
5040
6365
6877
6387
5511
5667
5498
5804
5281
5858
6184
6208
6430
6436
5350
6355
6779
7373
7516
7784
6708
6747
7165
7421
7205
6852
7280
7130
7157
6495
6433
6130
6439
6607
7011
7119
6216
6323
6635
6783
6953
7038
7193
7217
6431
6762
6649
6839
6772
6378
6577
6737
6998
7200
5981
7268
6935
7033
6060
6007
6132
6956
6985
7198
7400
7908
7641
7300
7301
7201
7962
7791
7452
6059
6032
6982
7568
7046
6865
6573
6886
7923
7520
7681
7986
7831
7880
6535
7890
7955
7371
6416
6357
6368
6517
6527
6819
6617
6456
6566
6993
6957
7083
7245
6972
7320
7650
7712
7409
7796
7695
7861
6043
6481
7363
7867
7478
5774
7844
7063
6569
6832
7873
7956
7357
7995
6499
6627
6683
6658
7207
7241
7248
7792
7797
7465
7284
7302
7195
7182
7362
7324
7425
7560
7621
7848
7577
7429
7623
7644
7663
7978
7624
7926
7870
7987
6172
7174
7202
6932
7846
7918
7780
7953
7546
7049
7925
7578
6144
6661
6777
7206
7172
6888
7057
7352
7360
7323
7513
7699
7737
7045
7069
6904
7258
7289
7555
7826
7685
7529
7659
7947
7949
7076
6223
7350
7029
7187
7453
7528
7767
7951
6604
7882
7958
7787
7990
7347
7472
7576
7591
7710
7676
7701
7443
7617
4156
6115
7219
