4
28
22
30
41
93
71
29
35
24
17
101
110
134
320
68
59
80
87
96
173
243
271
375
516
63
603
619
697
1051
798
213
120
150
108
141
76
52
105
121
174
114
194
7
48
61
146
365
344
207
331
288
636
199
12
107
115
179
92
148
170
180
195
187
181
193
206
211
221
239
205
384
377
352
403
527
491
441
401
296
326
260
300
348
525
25
420
423
368
559
442
493
495
543
430
610
820
848
1110
641
740
341
314
370
333
332
240
274
316
322
261
131
267
364
323
330
324
345
390
393
302
396
407
447
436
435
445
478
474
515
523
571
507
488
558
572
612
611
521
622
459
501
378
486
410
229
103
293
715
462
453
504
587
566
598
604
596
614
630
617
650
644
645
695
702
707
682
432
780
734
560
592
742
749
773
859
661
769
936
811
627
664
665
699
717
718
730
705
680
754
786
710
788
683
712
750
729
846
168
294
6
416
581
677
1157
1200
675
813
1334
1487
1033
770
822
674
763
839
1568
1677
1747
935
880
1037
888
983
1076
782
821
886
768
777
799
733
781
902
863
1039
703
643
1245
931
1298
1113
1016
956
897
970
1014
980
964
893
832
873
944
913
938
1009
1057
1121
1028
1139
1141
1243
1105
1114
1147
1194
802
808
856
866
868
940
1070
1173
1054
1182
1287
973
1474
1407
962
1064
607
933
961
1151
1627
1198
1015
965
1026
1029
1108
1159
1214
1080
1136
1175
1201
1143
1078
1187
1283
1325
1442
1305
1510
833
1495
1431
1354
1220
1050
449
864
1100
1118
1178
1189
1266
1314
1244
1249
1339
1294
1300
1279
1349
1250
1794
1527
1600
1761
1813
1584
1328
1272
1320
1376
1440
1394
1235
1388
1469
1511
1553
1475
1539
1385
1494
1446
1531
1478
1589
1625
1518
1620
1551
1502
1578
1562
1543
1526
1428
1472
1429
1585
1549
1623
1885
1753
1797
1799
1938
1588
1261
1621
1522
1638
1571
1611
1607
1587
1650
1649
1702
1626
1665
1697
1708
1729
1654
1657
1679
1668
1787
1853
1811
1742
1818
1707
1678
1726
1682
1771
1780
1817
1785
1802
1776
1875
1921
1820
1827
1959
1976
1963
1974
1891
1869
1741
1834
1909
1737
1687
1648
1640
266
653
1254
1289
1796
1089
1720
1721
1647
1609
1234
1765
1845
1942
1792
1766
1859
1826
1583
1513
1532
1877
1822
1847
1808
1881
1986
1985
1991
1948
1998
1949
1947
1965
1979
1999
1712
1685
1819
1932
1725
1906
1572
1993
1984
298
1944
1597
1756
1972
1317
1443
1221
